185
0
72
104
159
193
226
250
505
580
588
615
634
685
708
743
769
836
868
915
938
968
990
1024
1059
1078
1093
1108
1134
1176
1211
1243
1267
1401
1820
1834
1962
2278
2385
2480
2512
2521
2530
2581
2614
2723
2782
2831
2836
2851
2995
3102
3232
3341
3350
3650
3665
3726
3734
3765
3951
4075
4096
4158
4241
4291
4338
4412
4561
4581
4605
4611
4700
4704
4775
4909
4993
5181
5193
5210
5233
5316
5399
5434
5530
5594
5654
5724
5770
5959
5998
6097
6186
6231
6266
6305
6320
6335
6404
6433
6443
6462
6569
6616
6699
6776
6982
7034
7102
7190
7282
7348
7377
7483
7635
7730
7770
7815
7874
7882
7893
7918
7929
7983
7997
8048
8091
8246
8507
8518
8530
8653
8687
8695
8730
8831
8902
8926
8967
9026
9056
9103
9114
9121
9181
9199
9335
9348
9366
9407
9434
9501
9563
9572
9643
9670
9690
9731
9804
9875
9887
9932
9943
9964
9978
9990
10038
10049
10190
10285
10294
10313
10373
10672
10756
10776
10946
11017
11099
11184
11301
11546
11617
11807
11914
12001
